kernel,C,gamma,degree,mean_test_Accuracy,mean_test_Precision,mean_test_recall,mean_test_f1,mean_test_f2
polynomial,1,2.0,3,0.9990867579908675,1.0,0.9979591836734695,0.9989743589743589,0.9996699669966997
polynomial,151,4.0399999999999565,3,0.9990867579908675,1.0,0.9979591836734695,0.9989743589743589,0.9996699669966997
polynomial,151,3.9399999999999586,3,0.9990867579908675,1.0,0.9979591836734695,0.9989743589743589,0.9996699669966997
polynomial,151,3.9499999999999584,3,0.9990867579908675,1.0,0.9979591836734695,0.9989743589743589,0.9996699669966997
polynomial,151,3.959999999999958,3,0.9990867579908675,1.0,0.9979591836734695,0.9989743589743589,0.9996699669966997
polynomial,151,3.969999999999958,3,0.9990867579908675,1.0,0.9979591836734695,0.9989743589743589,0.9996699669966997
polynomial,151,3.979999999999958,3,0.9990867579908675,1.0,0.9979591836734695,0.9989743589743589,0.9996699669966997
polynomial,151,3.9899999999999576,3,0.9990867579908675,1.0,0.9979591836734695,0.9989743589743589,0.9996699669966997
polynomial,151,3.9999999999999574,3,0.9990867579908675,1.0,0.9979591836734695,0.9989743589743589,0.9996699669966997
polynomial,151,4.009999999999957,3,0.9990867579908675,1.0,0.9979591836734695,0.9989743589743589,0.9996699669966997
polynomial,151,4.019999999999957,3,0.9990867579908675,1.0,0.9979591836734695,0.9989743589743589,0.9996699669966997
polynomial,151,4.029999999999957,3,0.9990867579908675,1.0,0.9979591836734695,0.9989743589743589,0.9996699669966997
polynomial,151,4.049999999999956,3,0.9990867579908675,1.0,0.9979591836734695,0.9989743589743589,0.9996699669966997
polynomial,151,4.169999999999954,3,0.9990867579908675,1.0,0.9979591836734695,0.9989743589743589,0.9996699669966997
polynomial,151,4.059999999999956,3,0.9990867579908675,1.0,0.9979591836734695,0.9989743589743589,0.9996699669966997
polynomial,151,4.069999999999956,3,0.9990867579908675,1.0,0.9979591836734695,0.9989743589743589,0.9996699669966997
polynomial,151,4.079999999999956,3,0.9990867579908675,1.0,0.9979591836734695,0.9989743589743589,0.9996699669966997
polynomial,151,4.0899999999999554,3,0.9990867579908675,1.0,0.9979591836734695,0.9989743589743589,0.9996699669966997
polynomial,151,4.099999999999955,3,0.9990867579908675,1.0,0.9979591836734695,0.9989743589743589,0.9996699669966997
polynomial,151,4.109999999999955,3,0.9990867579908675,1.0,0.9979591836734695,0.9989743589743589,0.9996699669966997
polynomial,151,4.119999999999955,3,0.9990867579908675,1.0,0.9979591836734695,0.9989743589743589,0.9996699669966997
polynomial,151,4.129999999999955,3,0.9990867579908675,1.0,0.9979591836734695,0.9989743589743589,0.9996699669966997
polynomial,151,4.139999999999954,3,0.9990867579908675,1.0,0.9979591836734695,0.9989743589743589,0.9996699669966997
polynomial,151,4.149999999999954,3,0.9990867579908675,1.0,0.9979591836734695,0.9989743589743589,0.9996699669966997
polynomial,151,3.929999999999959,3,0.9990867579908675,1.0,0.9979591836734695,0.9989743589743589,0.9996699669966997
polynomial,151,3.919999999999959,3,0.9990867579908675,1.0,0.9979591836734695,0.9989743589743589,0.9996699669966997
polynomial,151,3.9099999999999593,3,0.9990867579908675,1.0,0.9979591836734695,0.9989743589743589,0.9996699669966997
polynomial,151,3.8999999999999595,3,0.9990867579908675,1.0,0.9979591836734695,0.9989743589743589,0.9996699669966997
polynomial,151,3.689999999999964,3,0.9990867579908675,1.0,0.9979591836734695,0.9989743589743589,0.9996699669966997
polynomial,151,3.6999999999999638,3,0.9990867579908675,1.0,0.9979591836734695,0.9989743589743589,0.9996699669966997
polynomial,151,3.7099999999999635,3,0.9990867579908675,1.0,0.9979591836734695,0.9989743589743589,0.9996699669966997
polynomial,151,3.7199999999999633,3,0.9990867579908675,1.0,0.9979591836734695,0.9989743589743589,0.9996699669966997
polynomial,151,3.729999999999963,3,0.9990867579908675,1.0,0.9979591836734695,0.9989743589743589,0.9996699669966997
polynomial,151,3.739999999999963,3,0.9990867579908675,1.0,0.9979591836734695,0.9989743589743589,0.9996699669966997
polynomial,151,3.7499999999999627,3,0.9990867579908675,1.0,0.9979591836734695,0.9989743589743589,0.9996699669966997
polynomial,151,3.7599999999999625,3,0.9990867579908675,1.0,0.9979591836734695,0.9989743589743589,0.9996699669966997
polynomial,151,3.7699999999999623,3,0.9990867579908675,1.0,0.9979591836734695,0.9989743589743589,0.9996699669966997
polynomial,151,3.779999999999962,3,0.9990867579908675,1.0,0.9979591836734695,0.9989743589743589,0.9996699669966997
polynomial,151,3.789999999999962,3,0.9990867579908675,1.0,0.9979591836734695,0.9989743589743589,0.9996699669966997
polynomial,151,3.7999999999999616,3,0.9990867579908675,1.0,0.9979591836734695,0.9989743589743589,0.9996699669966997
polynomial,151,3.8099999999999614,3,0.9990867579908675,1.0,0.9979591836734695,0.9989743589743589,0.9996699669966997
polynomial,151,3.819999999999961,3,0.9990867579908675,1.0,0.9979591836734695,0.9989743589743589,0.9996699669966997
polynomial,151,3.829999999999961,3,0.9990867579908675,1.0,0.9979591836734695,0.9989743589743589,0.9996699669966997
polynomial,151,3.839999999999961,3,0.9990867579908675,1.0,0.9979591836734695,0.9989743589743589,0.9996699669966997
polynomial,151,3.8499999999999606,3,0.9990867579908675,1.0,0.9979591836734695,0.9989743589743589,0.9996699669966997
polynomial,151,3.8599999999999604,3,0.9990867579908675,1.0,0.9979591836734695,0.9989743589743589,0.9996699669966997
polynomial,151,3.86999999999996,3,0.9990867579908675,1.0,0.9979591836734695,0.9989743589743589,0.9996699669966997
polynomial,151,3.87999999999996,3,0.9990867579908675,1.0,0.9979591836734695,0.9989743589743589,0.9996699669966997
polynomial,151,3.8899999999999597,3,0.9990867579908675,1.0,0.9979591836734695,0.9989743589743589,0.9996699669966997
polynomial,151,4.159999999999954,3,0.9990867579908675,1.0,0.9979591836734695,0.9989743589743589,0.9996699669966997
polynomial,151,4.1799999999999535,3,0.9990867579908675,1.0,0.9979591836734695,0.9989743589743589,0.9996699669966997
polynomial,151,4.549999999999946,3,0.9990867579908675,1.0,0.9979591836734695,0.9989743589743589,0.9996699669966997
polynomial,151,4.449999999999948,3,0.9990867579908675,1.0,0.9979591836734695,0.9989743589743589,0.9996699669966997
polynomial,151,4.459999999999948,3,0.9990867579908675,1.0,0.9979591836734695,0.9989743589743589,0.9996699669966997
polynomial,151,4.469999999999947,3,0.9990867579908675,1.0,0.9979591836734695,0.9989743589743589,0.9996699669966997
polynomial,151,4.479999999999947,3,0.9990867579908675,1.0,0.9979591836734695,0.9989743589743589,0.9996699669966997
polynomial,151,4.489999999999947,3,0.9990867579908675,1.0,0.9979591836734695,0.9989743589743589,0.9996699669966997
polynomial,151,4.499999999999947,3,0.9990867579908675,1.0,0.9979591836734695,0.9989743589743589,0.9996699669966997
polynomial,151,4.5099999999999465,3,0.9990867579908675,1.0,0.9979591836734695,0.9989743589743589,0.9996699669966997
polynomial,151,4.519999999999946,3,0.9990867579908675,1.0,0.9979591836734695,0.9989743589743589,0.9996699669966997
polynomial,151,4.529999999999946,3,0.9990867579908675,1.0,0.9979591836734695,0.9989743589743589,0.9996699669966997
polynomial,151,4.539999999999946,3,0.9990867579908675,1.0,0.9979591836734695,0.9989743589743589,0.9996699669966997
polynomial,151,4.559999999999945,3,0.9990867579908675,1.0,0.9979591836734695,0.9989743589743589,0.9996699669966997
polynomial,151,4.189999999999953,3,0.9990867579908675,1.0,0.9979591836734695,0.9989743589743589,0.9996699669966997
polynomial,151,4.569999999999945,3,0.9990867579908675,1.0,0.9979591836734695,0.9989743589743589,0.9996699669966997
polynomial,151,4.579999999999945,3,0.9990867579908675,1.0,0.9979591836734695,0.9989743589743589,0.9996699669966997
polynomial,151,4.589999999999945,3,0.9990867579908675,1.0,0.9979591836734695,0.9989743589743589,0.9996699669966997
polynomial,151,4.599999999999945,3,0.9990867579908675,1.0,0.9979591836734695,0.9989743589743589,0.9996699669966997
polynomial,151,4.609999999999944,3,0.9990867579908675,1.0,0.9979591836734695,0.9989743589743589,0.9996699669966997
polynomial,151,4.619999999999944,3,0.9990867579908675,1.0,0.9979591836734695,0.9989743589743589,0.9996699669966997
polynomial,151,4.629999999999944,3,0.9990867579908675,1.0,0.9979591836734695,0.9989743589743589,0.9996699669966997
polynomial,151,4.639999999999944,3,0.9990867579908675,1.0,0.9979591836734695,0.9989743589743589,0.9996699669966997
polynomial,151,4.6499999999999435,3,0.9990867579908675,1.0,0.9979591836734695,0.9989743589743589,0.9996699669966997
polynomial,151,4.659999999999943,3,0.9990867579908675,1.0,0.9979591836734695,0.9989743589743589,0.9996699669966997
polynomial,151,4.439999999999948,3,0.9990867579908675,1.0,0.9979591836734695,0.9989743589743589,0.9996699669966997
polynomial,151,4.429999999999948,3,0.9990867579908675,1.0,0.9979591836734695,0.9989743589743589,0.9996699669966997
polynomial,151,4.419999999999948,3,0.9990867579908675,1.0,0.9979591836734695,0.9989743589743589,0.9996699669966997
polynomial,151,4.409999999999949,3,0.9990867579908675,1.0,0.9979591836734695,0.9989743589743589,0.9996699669966997
polynomial,151,4.199999999999953,3,0.9990867579908675,1.0,0.9979591836734695,0.9989743589743589,0.9996699669966997
polynomial,151,4.209999999999953,3,0.9990867579908675,1.0,0.9979591836734695,0.9989743589743589,0.9996699669966997
polynomial,151,4.219999999999953,3,0.9990867579908675,1.0,0.9979591836734695,0.9989743589743589,0.9996699669966997
polynomial,151,4.2299999999999525,3,0.9990867579908675,1.0,0.9979591836734695,0.9989743589743589,0.9996699669966997
polynomial,151,4.239999999999952,3,0.9990867579908675,1.0,0.9979591836734695,0.9989743589743589,0.9996699669966997
polynomial,151,4.249999999999952,3,0.9990867579908675,1.0,0.9979591836734695,0.9989743589743589,0.9996699669966997
polynomial,151,4.259999999999952,3,0.9990867579908675,1.0,0.9979591836734695,0.9989743589743589,0.9996699669966997
polynomial,151,4.269999999999952,3,0.9990867579908675,1.0,0.9979591836734695,0.9989743589743589,0.9996699669966997
polynomial,151,4.279999999999951,3,0.9990867579908675,1.0,0.9979591836734695,0.9989743589743589,0.9996699669966997
polynomial,151,4.289999999999951,3,0.9990867579908675,1.0,0.9979591836734695,0.9989743589743589,0.9996699669966997
polynomial,151,4.299999999999951,3,0.9990867579908675,1.0,0.9979591836734695,0.9989743589743589,0.9996699669966997
polynomial,151,4.309999999999951,3,0.9990867579908675,1.0,0.9979591836734695,0.9989743589743589,0.9996699669966997
polynomial,151,4.3199999999999505,3,0.9990867579908675,1.0,0.9979591836734695,0.9989743589743589,0.9996699669966997
polynomial,151,4.32999999999995,3,0.9990867579908675,1.0,0.9979591836734695,0.9989743589743589,0.9996699669966997
polynomial,151,4.33999999999995,3,0.9990867579908675,1.0,0.9979591836734695,0.9989743589743589,0.9996699669966997
polynomial,151,4.34999999999995,3,0.9990867579908675,1.0,0.9979591836734695,0.9989743589743589,0.9996699669966997
polynomial,151,4.35999999999995,3,0.9990867579908675,1.0,0.9979591836734695,0.9989743589743589,0.9996699669966997
polynomial,151,4.3699999999999495,3,0.9990867579908675,1.0,0.9979591836734695,0.9989743589743589,0.9996699669966997
polynomial,151,4.379999999999949,3,0.9990867579908675,1.0,0.9979591836734695,0.9989743589743589,0.9996699669966997
polynomial,151,4.389999999999949,3,0.9990867579908675,1.0,0.9979591836734695,0.9989743589743589,0.9996699669966997
polynomial,151,4.399999999999949,3,0.9990867579908675,1.0,0.9979591836734695,0.9989743589743589,0.9996699669966997
polynomial,151,3.679999999999964,3,0.9990867579908675,1.0,0.9979591836734695,0.9989743589743589,0.9996699669966997
polynomial,151,3.6699999999999644,3,0.9990867579908675,1.0,0.9979591836734695,0.9989743589743589,0.9996699669966997
polynomial,151,3.6599999999999646,3,0.9990867579908675,1.0,0.9979591836734695,0.9989743589743589,0.9996699669966997
polynomial,151,3.029999999999978,3,0.9990867579908675,1.0,0.9979591836734695,0.9989743589743589,0.9996699669966997
polynomial,151,2.92999999999998,3,0.9990867579908675,1.0,0.9979591836734695,0.9989743589743589,0.9996699669966997
polynomial,151,2.93999999999998,3,0.9990867579908675,1.0,0.9979591836734695,0.9989743589743589,0.9996699669966997
polynomial,151,2.9499999999999797,3,0.9990867579908675,1.0,0.9979591836734695,0.9989743589743589,0.9996699669966997
polynomial,151,2.9599999999999795,3,0.9990867579908675,1.0,0.9979591836734695,0.9989743589743589,0.9996699669966997
polynomial,151,2.9699999999999793,3,0.9990867579908675,1.0,0.9979591836734695,0.9989743589743589,0.9996699669966997
polynomial,151,2.979999999999979,3,0.9990867579908675,1.0,0.9979591836734695,0.9989743589743589,0.9996699669966997
polynomial,151,2.989999999999979,3,0.9990867579908675,1.0,0.9979591836734695,0.9989743589743589,0.9996699669966997
polynomial,151,2.9999999999999787,3,0.9990867579908675,1.0,0.9979591836734695,0.9989743589743589,0.9996699669966997
polynomial,151,3.0099999999999785,3,0.9990867579908675,1.0,0.9979591836734695,0.9989743589743589,0.9996699669966997
polynomial,151,3.0199999999999783,3,0.9990867579908675,1.0,0.9979591836734695,0.9989743589743589,0.9996699669966997
polynomial,151,3.039999999999978,3,0.9990867579908675,1.0,0.9979591836734695,0.9989743589743589,0.9996699669966997
polynomial,151,3.649999999999965,3,0.9990867579908675,1.0,0.9979591836734695,0.9989743589743589,0.9996699669966997
polynomial,151,3.0499999999999776,3,0.9990867579908675,1.0,0.9979591836734695,0.9989743589743589,0.9996699669966997
polynomial,151,3.0599999999999774,3,0.9990867579908675,1.0,0.9979591836734695,0.9989743589743589,0.9996699669966997
polynomial,151,3.069999999999977,3,0.9990867579908675,1.0,0.9979591836734695,0.9989743589743589,0.9996699669966997
polynomial,151,3.079999999999977,3,0.9990867579908675,1.0,0.9979591836734695,0.9989743589743589,0.9996699669966997
polynomial,151,3.0899999999999768,3,0.9990867579908675,1.0,0.9979591836734695,0.9989743589743589,0.9996699669966997
polynomial,151,3.0999999999999766,3,0.9990867579908675,1.0,0.9979591836734695,0.9989743589743589,0.9996699669966997
polynomial,151,3.1099999999999763,3,0.9990867579908675,1.0,0.9979591836734695,0.9989743589743589,0.9996699669966997
polynomial,151,3.119999999999976,3,0.9990867579908675,1.0,0.9979591836734695,0.9989743589743589,0.9996699669966997
polynomial,151,3.129999999999976,3,0.9990867579908675,1.0,0.9979591836734695,0.9989743589743589,0.9996699669966997
polynomial,151,3.1399999999999757,3,0.9990867579908675,1.0,0.9979591836734695,0.9989743589743589,0.9996699669966997
polynomial,151,2.9199999999999804,3,0.9990867579908675,1.0,0.9979591836734695,0.9989743589743589,0.9996699669966997
polynomial,151,2.9099999999999806,3,0.9990867579908675,1.0,0.9979591836734695,0.9989743589743589,0.9996699669966997
polynomial,151,2.899999999999981,3,0.9990867579908675,1.0,0.9979591836734695,0.9989743589743589,0.9996699669966997
polynomial,151,2.889999999999981,3,0.9990867579908675,1.0,0.9979591836734695,0.9989743589743589,0.9996699669966997
polynomial,151,2.6799999999999855,3,0.9990867579908675,1.0,0.9979591836734695,0.9989743589743589,0.9996699669966997
polynomial,151,2.6899999999999853,3,0.9990867579908675,1.0,0.9979591836734695,0.9989743589743589,0.9996699669966997
polynomial,151,2.699999999999985,3,0.9990867579908675,1.0,0.9979591836734695,0.9989743589743589,0.9996699669966997
polynomial,151,2.709999999999985,3,0.9990867579908675,1.0,0.9979591836734695,0.9989743589743589,0.9996699669966997
polynomial,151,2.7199999999999847,3,0.9990867579908675,1.0,0.9979591836734695,0.9989743589743589,0.9996699669966997
polynomial,151,2.7299999999999844,3,0.9990867579908675,1.0,0.9979591836734695,0.9989743589743589,0.9996699669966997
polynomial,151,2.7399999999999842,3,0.9990867579908675,1.0,0.9979591836734695,0.9989743589743589,0.9996699669966997
polynomial,151,2.749999999999984,3,0.9990867579908675,1.0,0.9979591836734695,0.9989743589743589,0.9996699669966997
polynomial,151,2.759999999999984,3,0.9990867579908675,1.0,0.9979591836734695,0.9989743589743589,0.9996699669966997
polynomial,151,2.7699999999999836,3,0.9990867579908675,1.0,0.9979591836734695,0.9989743589743589,0.9996699669966997
polynomial,151,2.7799999999999834,3,0.9990867579908675,1.0,0.9979591836734695,0.9989743589743589,0.9996699669966997
polynomial,151,2.789999999999983,3,0.9990867579908675,1.0,0.9979591836734695,0.9989743589743589,0.9996699669966997
polynomial,151,2.799999999999983,3,0.9990867579908675,1.0,0.9979591836734695,0.9989743589743589,0.9996699669966997
polynomial,151,2.8099999999999827,3,0.9990867579908675,1.0,0.9979591836734695,0.9989743589743589,0.9996699669966997
polynomial,151,2.8199999999999825,3,0.9990867579908675,1.0,0.9979591836734695,0.9989743589743589,0.9996699669966997
polynomial,151,2.8299999999999823,3,0.9990867579908675,1.0,0.9979591836734695,0.9989743589743589,0.9996699669966997
polynomial,151,2.839999999999982,3,0.9990867579908675,1.0,0.9979591836734695,0.9989743589743589,0.9996699669966997
polynomial,151,2.849999999999982,3,0.9990867579908675,1.0,0.9979591836734695,0.9989743589743589,0.9996699669966997
polynomial,151,2.8599999999999817,3,0.9990867579908675,1.0,0.9979591836734695,0.9989743589743589,0.9996699669966997
polynomial,151,2.8699999999999815,3,0.9990867579908675,1.0,0.9979591836734695,0.9989743589743589,0.9996699669966997
polynomial,151,2.8799999999999812,3,0.9990867579908675,1.0,0.9979591836734695,0.9989743589743589,0.9996699669966997
polynomial,151,3.1499999999999755,3,0.9990867579908675,1.0,0.9979591836734695,0.9989743589743589,0.9996699669966997
polynomial,151,3.1599999999999753,3,0.9990867579908675,1.0,0.9979591836734695,0.9989743589743589,0.9996699669966997
polynomial,151,3.169999999999975,3,0.9990867579908675,1.0,0.9979591836734695,0.9989743589743589,0.9996699669966997
polynomial,151,3.4199999999999697,3,0.9990867579908675,1.0,0.9979591836734695,0.9989743589743589,0.9996699669966997
polynomial,151,3.4399999999999693,3,0.9990867579908675,1.0,0.9979591836734695,0.9989743589743589,0.9996699669966997
polynomial,151,3.449999999999969,3,0.9990867579908675,1.0,0.9979591836734695,0.9989743589743589,0.9996699669966997
polynomial,151,3.459999999999969,3,0.9990867579908675,1.0,0.9979591836734695,0.9989743589743589,0.9996699669966997
polynomial,151,3.4699999999999687,3,0.9990867579908675,1.0,0.9979591836734695,0.9989743589743589,0.9996699669966997
polynomial,151,3.4799999999999685,3,0.9990867579908675,1.0,0.9979591836734695,0.9989743589743589,0.9996699669966997
polynomial,151,3.4899999999999682,3,0.9990867579908675,1.0,0.9979591836734695,0.9989743589743589,0.9996699669966997
polynomial,151,3.499999999999968,3,0.9990867579908675,1.0,0.9979591836734695,0.9989743589743589,0.9996699669966997
polynomial,151,3.509999999999968,3,0.9990867579908675,1.0,0.9979591836734695,0.9989743589743589,0.9996699669966997
polynomial,151,3.5199999999999676,3,0.9990867579908675,1.0,0.9979591836734695,0.9989743589743589,0.9996699669966997
polynomial,151,3.5299999999999674,3,0.9990867579908675,1.0,0.9979591836734695,0.9989743589743589,0.9996699669966997
polynomial,151,3.539999999999967,3,0.9990867579908675,1.0,0.9979591836734695,0.9989743589743589,0.9996699669966997
polynomial,151,3.549999999999967,3,0.9990867579908675,1.0,0.9979591836734695,0.9989743589743589,0.9996699669966997
polynomial,151,3.5599999999999667,3,0.9990867579908675,1.0,0.9979591836734695,0.9989743589743589,0.9996699669966997
polynomial,151,3.5699999999999665,3,0.9990867579908675,1.0,0.9979591836734695,0.9989743589743589,0.9996699669966997
polynomial,151,3.5799999999999663,3,0.9990867579908675,1.0,0.9979591836734695,0.9989743589743589,0.9996699669966997
polynomial,151,3.589999999999966,3,0.9990867579908675,1.0,0.9979591836734695,0.9989743589743589,0.9996699669966997
polynomial,151,3.599999999999966,3,0.9990867579908675,1.0,0.9979591836734695,0.9989743589743589,0.9996699669966997
polynomial,151,3.6099999999999657,3,0.9990867579908675,1.0,0.9979591836734695,0.9989743589743589,0.9996699669966997
polynomial,151,3.6199999999999655,3,0.9990867579908675,1.0,0.9979591836734695,0.9989743589743589,0.9996699669966997
polynomial,151,3.6299999999999653,3,0.9990867579908675,1.0,0.9979591836734695,0.9989743589743589,0.9996699669966997
polynomial,151,3.639999999999965,3,0.9990867579908675,1.0,0.9979591836734695,0.9989743589743589,0.9996699669966997
polynomial,151,3.4299999999999695,3,0.9990867579908675,1.0,0.9979591836734695,0.9989743589743589,0.9996699669966997
polynomial,151,3.40999999999997,3,0.9990867579908675,1.0,0.9979591836734695,0.9989743589743589,0.9996699669966997
polynomial,151,3.179999999999975,3,0.9990867579908675,1.0,0.9979591836734695,0.9989743589743589,0.9996699669966997
polynomial,151,3.39999999999997,3,0.9990867579908675,1.0,0.9979591836734695,0.9989743589743589,0.9996699669966997
polynomial,151,3.1899999999999746,3,0.9990867579908675,1.0,0.9979591836734695,0.9989743589743589,0.9996699669966997
polynomial,151,3.1999999999999744,3,0.9990867579908675,1.0,0.9979591836734695,0.9989743589743589,0.9996699669966997
polynomial,151,3.209999999999974,3,0.9990867579908675,1.0,0.9979591836734695,0.9989743589743589,0.9996699669966997
polynomial,151,3.219999999999974,3,0.9990867579908675,1.0,0.9979591836734695,0.9989743589743589,0.9996699669966997
polynomial,151,3.229999999999974,3,0.9990867579908675,1.0,0.9979591836734695,0.9989743589743589,0.9996699669966997
polynomial,151,3.2399999999999736,3,0.9990867579908675,1.0,0.9979591836734695,0.9989743589743589,0.9996699669966997
polynomial,151,3.2499999999999734,3,0.9990867579908675,1.0,0.9979591836734695,0.9989743589743589,0.9996699669966997
polynomial,151,3.259999999999973,3,0.9990867579908675,1.0,0.9979591836734695,0.9989743589743589,0.9996699669966997
polynomial,151,3.269999999999973,3,0.9990867579908675,1.0,0.9979591836734695,0.9989743589743589,0.9996699669966997
polynomial,151,3.2799999999999727,3,0.9990867579908675,1.0,0.9979591836734695,0.9989743589743589,0.9996699669966997
polynomial,151,3.2899999999999725,3,0.9990867579908675,1.0,0.9979591836734695,0.9989743589743589,0.9996699669966997
polynomial,151,3.2999999999999723,3,0.9990867579908675,1.0,0.9979591836734695,0.9989743589743589,0.9996699669966997
polynomial,151,3.309999999999972,3,0.9990867579908675,1.0,0.9979591836734695,0.9989743589743589,0.9996699669966997
polynomial,151,3.319999999999972,3,0.9990867579908675,1.0,0.9979591836734695,0.9989743589743589,0.9996699669966997
polynomial,151,3.3299999999999716,3,0.9990867579908675,1.0,0.9979591836734695,0.9989743589743589,0.9996699669966997
polynomial,151,3.3399999999999714,3,0.9990867579908675,1.0,0.9979591836734695,0.9989743589743589,0.9996699669966997
polynomial,151,3.3499999999999712,3,0.9990867579908675,1.0,0.9979591836734695,0.9989743589743589,0.9996699669966997
polynomial,151,3.359999999999971,3,0.9990867579908675,1.0,0.9979591836734695,0.9989743589743589,0.9996699669966997
polynomial,151,3.369999999999971,3,0.9990867579908675,1.0,0.9979591836734695,0.9989743589743589,0.9996699669966997
polynomial,151,3.3799999999999706,3,0.9990867579908675,1.0,0.9979591836734695,0.9989743589743589,0.9996699669966997
polynomial,151,3.3899999999999704,3,0.9990867579908675,1.0,0.9979591836734695,0.9989743589743589,0.9996699669966997
polynomial,151,4.669999999999943,3,0.9990867579908675,1.0,0.9979591836734695,0.9989743589743589,0.9996699669966997
polynomial,151,4.679999999999943,3,0.9990867579908675,1.0,0.9979591836734695,0.9989743589743589,0.9996699669966997
polynomial,151,4.689999999999943,3,0.9990867579908675,1.0,0.9979591836734695,0.9989743589743589,0.9996699669966997
polynomial,151,4.6999999999999424,3,0.9990867579908675,1.0,0.9979591836734695,0.9989743589743589,0.9996699669966997
polynomial,161,2.049999999999999,3,0.9990867579908675,1.0,0.9979591836734695,0.9989743589743589,0.9996699669966997
polynomial,151,4.959999999999937,3,0.9990867579908675,1.0,0.9979591836734695,0.9989743589743589,0.9996699669966997
polynomial,151,4.969999999999937,3,0.9990867579908675,1.0,0.9979591836734695,0.9989743589743589,0.9996699669966997
polynomial,151,4.9799999999999365,3,0.9990867579908675,1.0,0.9979591836734695,0.9989743589743589,0.9996699669966997
polynomial,151,4.989999999999936,3,0.9990867579908675,1.0,0.9979591836734695,0.9989743589743589,0.9996699669966997
polynomial,151,0.25,3,0.9990867579908675,1.0,0.9979591836734695,0.9989743589743589,0.9996699669966997
polynomial,161,2.01,3,0.9990867579908675,1.0,0.9979591836734695,0.9989743589743589,0.9996699669966997
polynomial,161,2.0199999999999996,3,0.9990867579908675,1.0,0.9979591836734695,0.9989743589743589,0.9996699669966997
polynomial,161,2.0299999999999994,3,0.9990867579908675,1.0,0.9979591836734695,0.9989743589743589,0.9996699669966997
polynomial,161,2.039999999999999,3,0.9990867579908675,1.0,0.9979591836734695,0.9989743589743589,0.9996699669966997
polynomial,161,2.0599999999999987,3,0.9990867579908675,1.0,0.9979591836734695,0.9989743589743589,0.9996699669966997
polynomial,161,2.6699999999999857,3,0.9990867579908675,1.0,0.9979591836734695,0.9989743589743589,0.9996699669966997
polynomial,161,2.0699999999999985,3,0.9990867579908675,1.0,0.9979591836734695,0.9989743589743589,0.9996699669966997
polynomial,161,2.0799999999999983,3,0.9990867579908675,1.0,0.9979591836734695,0.9989743589743589,0.9996699669966997
polynomial,161,2.089999999999998,3,0.9990867579908675,1.0,0.9979591836734695,0.9989743589743589,0.9996699669966997
polynomial,161,2.099999999999998,3,0.9990867579908675,1.0,0.9979591836734695,0.9989743589743589,0.9996699669966997
polynomial,161,2.1099999999999977,3,0.9990867579908675,1.0,0.9979591836734695,0.9989743589743589,0.9996699669966997
polynomial,161,2.1199999999999974,3,0.9990867579908675,1.0,0.9979591836734695,0.9989743589743589,0.9996699669966997
polynomial,161,2.1299999999999972,3,0.9990867579908675,1.0,0.9979591836734695,0.9989743589743589,0.9996699669966997
polynomial,161,2.139999999999997,3,0.9990867579908675,1.0,0.9979591836734695,0.9989743589743589,0.9996699669966997
polynomial,161,2.149999999999997,3,0.9990867579908675,1.0,0.9979591836734695,0.9989743589743589,0.9996699669966997
polynomial,161,2.1599999999999966,3,0.9990867579908675,1.0,0.9979591836734695,0.9989743589743589,0.9996699669966997
polynomial,151,4.949999999999937,3,0.9990867579908675,1.0,0.9979591836734695,0.9989743589743589,0.9996699669966997
polynomial,151,4.939999999999937,3,0.9990867579908675,1.0,0.9979591836734695,0.9989743589743589,0.9996699669966997
polynomial,151,4.9299999999999375,3,0.9990867579908675,1.0,0.9979591836734695,0.9989743589743589,0.9996699669966997
polynomial,151,4.919999999999938,3,0.9990867579908675,1.0,0.9979591836734695,0.9989743589743589,0.9996699669966997
polynomial,151,4.709999999999942,3,0.9990867579908675,1.0,0.9979591836734695,0.9989743589743589,0.9996699669966997
polynomial,151,4.719999999999942,3,0.9990867579908675,1.0,0.9979591836734695,0.9989743589743589,0.9996699669966997
polynomial,151,4.729999999999942,3,0.9990867579908675,1.0,0.9979591836734695,0.9989743589743589,0.9996699669966997
polynomial,151,4.739999999999942,3,0.9990867579908675,1.0,0.9979591836734695,0.9989743589743589,0.9996699669966997
polynomial,151,4.749999999999941,3,0.9990867579908675,1.0,0.9979591836734695,0.9989743589743589,0.9996699669966997
polynomial,151,4.759999999999941,3,0.9990867579908675,1.0,0.9979591836734695,0.9989743589743589,0.9996699669966997
polynomial,151,4.769999999999941,3,0.9990867579908675,1.0,0.9979591836734695,0.9989743589743589,0.9996699669966997
polynomial,151,4.779999999999941,3,0.9990867579908675,1.0,0.9979591836734695,0.9989743589743589,0.9996699669966997
polynomial,151,4.7899999999999405,3,0.9990867579908675,1.0,0.9979591836734695,0.9989743589743589,0.9996699669966997
polynomial,151,4.79999999999994,3,0.9990867579908675,1.0,0.9979591836734695,0.9989743589743589,0.9996699669966997
polynomial,151,4.80999999999994,3,0.9990867579908675,1.0,0.9979591836734695,0.9989743589743589,0.9996699669966997
polynomial,151,4.81999999999994,3,0.9990867579908675,1.0,0.9979591836734695,0.9989743589743589,0.9996699669966997
polynomial,151,4.82999999999994,3,0.9990867579908675,1.0,0.9979591836734695,0.9989743589743589,0.9996699669966997
polynomial,151,4.8399999999999395,3,0.9990867579908675,1.0,0.9979591836734695,0.9989743589743589,0.9996699669966997
polynomial,151,4.849999999999939,3,0.9990867579908675,1.0,0.9979591836734695,0.9989743589743589,0.9996699669966997
polynomial,151,4.859999999999939,3,0.9990867579908675,1.0,0.9979591836734695,0.9989743589743589,0.9996699669966997
polynomial,151,4.869999999999939,3,0.9990867579908675,1.0,0.9979591836734695,0.9989743589743589,0.9996699669966997
polynomial,151,4.879999999999939,3,0.9990867579908675,1.0,0.9979591836734695,0.9989743589743589,0.9996699669966997
polynomial,151,4.889999999999938,3,0.9990867579908675,1.0,0.9979591836734695,0.9989743589743589,0.9996699669966997
polynomial,151,4.899999999999938,3,0.9990867579908675,1.0,0.9979591836734695,0.9989743589743589,0.9996699669966997
polynomial,151,4.909999999999938,3,0.9990867579908675,1.0,0.9979591836734695,0.9989743589743589,0.9996699669966997
polynomial,161,2.1699999999999964,3,0.9990867579908675,1.0,0.9979591836734695,0.9989743589743589,0.9996699669966997
polynomial,161,2.179999999999996,3,0.9990867579908675,1.0,0.9979591836734695,0.9989743589743589,0.9996699669966997
polynomial,161,2.189999999999996,3,0.9990867579908675,1.0,0.9979591836734695,0.9989743589743589,0.9996699669966997
polynomial,161,2.4399999999999906,3,0.9990867579908675,1.0,0.9979591836734695,0.9989743589743589,0.9996699669966997
polynomial,161,2.45999999999999,3,0.9990867579908675,1.0,0.9979591836734695,0.9989743589743589,0.9996699669966997
polynomial,161,2.46999999999999,3,0.9990867579908675,1.0,0.9979591836734695,0.9989743589743589,0.9996699669966997
polynomial,161,2.4799999999999898,3,0.9990867579908675,1.0,0.9979591836734695,0.9989743589743589,0.9996699669966997
polynomial,161,2.4899999999999896,3,0.9990867579908675,1.0,0.9979591836734695,0.9989743589743589,0.9996699669966997
polynomial,161,2.4999999999999893,3,0.9990867579908675,1.0,0.9979591836734695,0.9989743589743589,0.9996699669966997
polynomial,161,2.509999999999989,3,0.9990867579908675,1.0,0.9979591836734695,0.9989743589743589,0.9996699669966997
polynomial,161,2.519999999999989,3,0.9990867579908675,1.0,0.9979591836734695,0.9989743589743589,0.9996699669966997
polynomial,161,2.5299999999999887,3,0.9990867579908675,1.0,0.9979591836734695,0.9989743589743589,0.9996699669966997
polynomial,161,2.5399999999999885,3,0.9990867579908675,1.0,0.9979591836734695,0.9989743589743589,0.9996699669966997
polynomial,161,2.5499999999999883,3,0.9990867579908675,1.0,0.9979591836734695,0.9989743589743589,0.9996699669966997
polynomial,161,2.559999999999988,3,0.9990867579908675,1.0,0.9979591836734695,0.9989743589743589,0.9996699669966997
polynomial,161,2.569999999999988,3,0.9990867579908675,1.0,0.9979591836734695,0.9989743589743589,0.9996699669966997
polynomial,161,2.5799999999999876,3,0.9990867579908675,1.0,0.9979591836734695,0.9989743589743589,0.9996699669966997
polynomial,161,2.5899999999999874,3,0.9990867579908675,1.0,0.9979591836734695,0.9989743589743589,0.9996699669966997
polynomial,161,2.599999999999987,3,0.9990867579908675,1.0,0.9979591836734695,0.9989743589743589,0.9996699669966997
polynomial,161,2.609999999999987,3,0.9990867579908675,1.0,0.9979591836734695,0.9989743589743589,0.9996699669966997
polynomial,161,2.619999999999987,3,0.9990867579908675,1.0,0.9979591836734695,0.9989743589743589,0.9996699669966997
polynomial,161,2.6299999999999866,3,0.9990867579908675,1.0,0.9979591836734695,0.9989743589743589,0.9996699669966997
polynomial,161,2.6399999999999864,3,0.9990867579908675,1.0,0.9979591836734695,0.9989743589743589,0.9996699669966997
polynomial,161,2.649999999999986,3,0.9990867579908675,1.0,0.9979591836734695,0.9989743589743589,0.9996699669966997
polynomial,161,2.659999999999986,3,0.9990867579908675,1.0,0.9979591836734695,0.9989743589743589,0.9996699669966997
polynomial,161,2.4499999999999904,3,0.9990867579908675,1.0,0.9979591836734695,0.9989743589743589,0.9996699669966997
polynomial,161,2.429999999999991,3,0.9990867579908675,1.0,0.9979591836734695,0.9989743589743589,0.9996699669966997
polynomial,161,2.1999999999999957,3,0.9990867579908675,1.0,0.9979591836734695,0.9989743589743589,0.9996699669966997
polynomial,161,2.419999999999991,3,0.9990867579908675,1.0,0.9979591836734695,0.9989743589743589,0.9996699669966997
polynomial,161,2.2099999999999955,3,0.9990867579908675,1.0,0.9979591836734695,0.9989743589743589,0.9996699669966997
polynomial,161,2.2199999999999953,3,0.9990867579908675,1.0,0.9979591836734695,0.9989743589743589,0.9996699669966997
polynomial,161,2.229999999999995,3,0.9990867579908675,1.0,0.9979591836734695,0.9989743589743589,0.9996699669966997
polynomial,161,2.239999999999995,3,0.9990867579908675,1.0,0.9979591836734695,0.9989743589743589,0.9996699669966997
polynomial,161,2.2499999999999947,3,0.9990867579908675,1.0,0.9979591836734695,0.9989743589743589,0.9996699669966997
polynomial,161,2.2599999999999945,3,0.9990867579908675,1.0,0.9979591836734695,0.9989743589743589,0.9996699669966997
polynomial,161,2.2699999999999942,3,0.9990867579908675,1.0,0.9979591836734695,0.9989743589743589,0.9996699669966997
polynomial,161,2.279999999999994,3,0.9990867579908675,1.0,0.9979591836734695,0.9989743589743589,0.9996699669966997
polynomial,161,2.289999999999994,3,0.9990867579908675,1.0,0.9979591836734695,0.9989743589743589,0.9996699669966997
polynomial,161,2.2999999999999936,3,0.9990867579908675,1.0,0.9979591836734695,0.9989743589743589,0.9996699669966997
polynomial,161,2.3099999999999934,3,0.9990867579908675,1.0,0.9979591836734695,0.9989743589743589,0.9996699669966997
polynomial,161,2.319999999999993,3,0.9990867579908675,1.0,0.9979591836734695,0.9989743589743589,0.9996699669966997
polynomial,161,2.329999999999993,3,0.9990867579908675,1.0,0.9979591836734695,0.9989743589743589,0.9996699669966997
polynomial,161,2.3399999999999928,3,0.9990867579908675,1.0,0.9979591836734695,0.9989743589743589,0.9996699669966997
polynomial,161,2.3499999999999925,3,0.9990867579908675,1.0,0.9979591836734695,0.9989743589743589,0.9996699669966997
polynomial,161,2.3599999999999923,3,0.9990867579908675,1.0,0.9979591836734695,0.9989743589743589,0.9996699669966997
polynomial,161,2.369999999999992,3,0.9990867579908675,1.0,0.9979591836734695,0.9989743589743589,0.9996699669966997
polynomial,161,2.379999999999992,3,0.9990867579908675,1.0,0.9979591836734695,0.9989743589743589,0.9996699669966997
polynomial,161,2.3899999999999917,3,0.9990867579908675,1.0,0.9979591836734695,0.9989743589743589,0.9996699669966997
polynomial,161,2.3999999999999915,3,0.9990867579908675,1.0,0.9979591836734695,0.9989743589743589,0.9996699669966997
polynomial,161,2.4099999999999913,3,0.9990867579908675,1.0,0.9979591836734695,0.9989743589743589,0.9996699669966997
polynomial,101,0.25,3,0.9981735159817351,1.0,0.9959183673469388,0.9979381443298969,0.999341021416804
polynomial,81,0.25,3,0.9981735159817351,0.997979797979798,0.9979591836734695,0.997959130547963,0.9983454636854414
polynomial,60,0.25,3,0.9972602739726029,0.997979797979798,0.9959183673469388,0.9969229159035009,0.9980165181055458
polynomial,50,0.25,3,0.9972602739726029,0.9959389816532674,0.9979591836734695,0.9969439552470736,0.9970226041267584
polynomial,1,0.25,3,0.9863387297633872,0.9727480815308421,0.9979591836734695,0.9850922183774212,0.9810275896010708
