kernel,C,gamma,degree,mean_test_Accuracy,mean_test_Precision,mean_test_recall,mean_test_f1,mean_test_f2
rbf,1.0,0.25,,1.0,1.0,1.0,1.0,1.0
poly,10.0,2.0,3.0,0.9990867579908675,1.0,0.9979591836734695,0.9989743589743589,0.9996699669966997
poly,100.0,0.25,3.0,0.9981735159817351,1.0,0.9959183673469388,0.9979381443298969,0.999341021416804
rbf,10.0,2.0,,0.9990909090909093,0.998,1.0,0.9989949748743718,0.9986754966887418
rbf,50.0,0.01,,0.9990867579908675,0.997979797979798,1.0,0.998984771573604,0.9986754966887418
poly,1.0,1.0,3.0,0.9972602739726029,0.997979797979798,0.9959183673469388,0.9969229159035009,0.9980165181055458
poly,0.1,2.0,3.0,0.9972602739726029,0.9959389816532674,0.9979591836734695,0.9969439552470736,0.9970226041267584
rbf,1.0,0.1,,0.9963511830635119,0.9919797979797981,1.0,0.9959595444277738,0.9946975937091584
rbf,0.1,2.0,,0.9954420921544209,0.9899797979797981,1.0,0.9949545193021457,0.9933730903979001
poly,10.0,0.25,3.0,0.9881527604815276,0.9820760546642898,0.9918573490002063,0.9869028389122457,0.9867373582532176
rbf,0.1,0.25,,0.9881444582814446,0.9746001523229246,1.0,0.9870443305637095,0.9826931341072405
poly,50.0,0.1,3.0,0.9863387297633874,0.972689075630252,0.9979591836734695,0.9850719663713517,0.9810347593145373
poly,1.0,0.25,3.0,0.9863387297633872,0.9727480815308421,0.9979591836734695,0.9850922183774212,0.9810275896010708
poly,10.0,0.1,3.0,0.9845122457451225,0.968748081530842,0.9979591836734695,0.9830720163572192,0.9783741899327456
rbf,10.0,0.01,,0.9845039435450393,0.966969057974198,1.0,0.9831139352741245,0.9773510149746725
rbf,100.0,0.001,,0.9817725197177252,0.9613704256908141,1.0,0.9801977771484964,0.9733288518394032
rbf,50.0,0.001,,0.9808634288086342,0.9612942787271741,0.997979797979798,0.9791830488099909,0.9730054705424507
rbf,0.1,0.1,,0.9790369447903695,0.9557073131830413,1.0,0.9772608344740117,0.9693109706761696
poly,0.1,0.25,3.0,0.9316147779161479,0.983805808410205,0.861698618841476,0.917876207116746,0.9689478699949066
rbf,10.0,0.001,,0.9772187629721877,0.9555535113950955,0.9959595959595958,0.9752212305136156,0.9686652806570472
rbf,1.0,0.01,,0.9763055209630551,0.950285071322807,1.0,0.974392249122993,0.965266377439454
poly,1.0,0.1,3.0,0.8714570361145704,0.9858718278137293,0.7235209235209236,0.8337742044884451,0.9506313811112708
rbf,1.0,0.001,,0.9234329597343296,0.9500050521560819,0.8759843331271903,0.9110340398114009,0.9500133713501434
rbf,0.1,0.01,,0.9197882938978829,0.9455782114686044,0.8719233147804577,0.9067588442668428,0.9467536961433934
poly,100.0,1.0,4.0,0.9161519302615193,0.9087242768394488,0.9045145330859616,0.9061196160836917,0.9249696384844777
poly,50.0,2.0,4.0,0.9161602324616023,0.9070216539910143,0.9065553494124924,0.9063989241454392,0.9239311997483309
poly,50.0,1.0,4.0,0.9143337484433376,0.9067167180029101,0.902473716759431,0.9041520609983301,0.923313370981392
poly,10.0,2.0,4.0,0.9134205064342051,0.9064825276645312,0.9004535147392291,0.9029922465241615,0.923013612021815
poly,1.0,1.0,4.0,0.9033831465338314,0.9054385964912279,0.8760461760461761,0.8904962615683196,0.9207555526747904
poly,1.0,2.0,4.0,0.9125114155251142,0.9001197402037737,0.9065347351061638,0.9027435087788369,0.9184879671516593
poly,0.1,2.0,4.0,0.9052179327521793,0.9009761381529511,0.8862502576788291,0.8934021111731841,0.9182272053349168
poly,50.0,0.25,4.0,0.8869738480697384,0.9056691919191919,0.8353535353535355,0.8689401424473491,0.9173706543227859
poly,100.0,0.25,4.0,0.892436695724367,0.9031465428980956,0.851597608740466,0.8764786841233064,0.9171252929663816
poly,10.0,1.0,4.0,0.9106849315068495,0.8964970946379214,0.9065553494124924,0.9009159652892895,0.9157816184019794
poly,0.1,1.0,4.0,0.8787754254877542,0.8920907931020292,0.8312925170068027,0.8602482408508786,0.907356130576859
poly,0.1,0.1,3.0,0.691892901618929,1.0,0.31302824159967013,0.47659658326436444,0.89949974332563
poly,10.0,0.25,4.0,0.8632793690327937,0.8797247160046588,0.8069057926200782,0.8410396384006875,0.8970898743465796
poly,0.1,0.25,4.0,0.6800581154005811,0.9939393939393939,0.28872397443826014,0.4465934016764824,0.8950910141285873
poly,1.0,0.25,4.0,0.7684474885844749,0.9029749276759883,0.5426509997938569,0.6764541523375726,0.8941244307183632
poly,50.0,0.01,3.0,0.6681984225819843,1.0,0.2602143887858174,0.41259201678739227,0.8926025689483137
poly,10.0,0.1,4.0,0.6964549605645496,0.944968342955959,0.3435374149659864,0.5036707782528216,0.8912456692094187
poly,50.0,0.1,4.0,0.7766500622665007,0.8893247598706477,0.573118944547516,0.6961592814421896,0.8906541923431884
poly,100.0,0.1,4.0,0.8103777501037774,0.8767969501137456,0.6706658420944136,0.7579082836632123,0.8899334968240495
poly,1.0,0.1,4.0,0.656359485263595,1.0,0.23384869099154812,0.3781376375686887,0.8892025566831124
poly,0.1,0.1,4.0,0.6381195516811955,1.0,0.19315605029890742,0.3229353755236715,0.8840015973131843
poly,0.1,0.1,2.0,0.6007430469074305,1.0,0.1098124098124098,0.19694206814820464,0.8735336235750528
poly,10.0,0.01,3.0,0.5733831465338315,1.0,0.04877344877344877,0.09284059553619804,0.8660195959774324
poly,100.0,0.01,4.0,0.5697343295973434,1.0,0.040630797773654914,0.07786850005125276,0.8650290045493229
poly,50.0,0.01,4.0,0.5642631797426317,1.0,0.028427128427128433,0.055101466742905024,0.8635466572841752
poly,100.0,0.001,2.0,0.5533291822332919,0.4,0.004061018346732633,0.00804040404040404,0.8605981360915571
poly,100.0,0.001,3.0,0.5515068493150685,0.0,0.0,0.0,0.8601084637268848
rbf,0.1,0.001,,0.5515068493150685,0.0,0.0,0.0,0.8601084637268848
poly,100.0,2.0,2.0,0.8003362391033624,0.8215659666906584,0.7092764378478663,0.7607287208406441,0.8553843243722901
poly,50.0,1.0,2.0,0.7994271481942714,0.8211829227682885,0.7072562358276644,0.7594316449503266,0.8551045228729762
poly,50.0,0.25,2.0,0.7994312992943131,0.8212642641514162,0.7072768501339929,0.7592800146933849,0.8550981051470534
poly,10.0,0.25,2.0,0.7948775425487755,0.8194848480772592,0.6971346114203256,0.7526198484368563,0.8536867711245402
poly,50.0,0.1,2.0,0.794873391448734,0.817849257189587,0.6991548134405277,0.7531121072477257,0.8526292654832476
poly,1.0,1.0,2.0,0.7948733914487339,0.8163812050018947,0.7011956297670584,0.7537729439189161,0.8515635839113482
poly,0.1,2.0,2.0,0.7939643005396431,0.8163673767806744,0.6991754277468563,0.7522972559995357,0.8512468569444579
poly,0.1,1.0,2.0,0.7803030303030304,0.8140785227418089,0.6626468769325913,0.7297877312760473,0.850346122369252
poly,1.0,0.25,2.0,0.7620963055209631,0.8056295081512219,0.62005772005772,0.6996293980833441,0.846007538784497
poly,50.0,0.01,2.0,0.5979867164798672,0.7160133594004562,0.18701298701298702,0.2927499070977332,0.8329911731967817
poly,1.0,0.1,2.0,0.6262349522623495,0.7280353284560859,0.2702741702741703,0.3915032927753852,0.8309636143213417
poly,100.0,0.01,2.0,0.625321710253217,0.7249058832213774,0.2702741702741703,0.3910239899431412,0.829699192004288
poly,0.1,0.25,2.0,0.6034412619344127,0.7064527736131934,0.20933828076685218,0.3208476960031744,0.8296355759955025
