kernel,C,gamma,degree,mean_test_Accuracy,mean_test_Precision,mean_test_recall,mean_test_f1,mean_test_f2
polynomial,5,4.921,3,0.9990867579908675,1.0,0.9979591836734695,0.9989743589743589,0.9996699669966997
polynomial,68,3.9370000000000003,3,0.9990867579908675,1.0,0.9979591836734695,0.9989743589743589,0.9996699669966997
polynomial,23,3.09,3,0.9990867579908675,1.0,0.9979591836734695,0.9989743589743589,0.9996699669966997
polynomial,49,1.6540000000000001,3,0.9990867579908675,1.0,0.9979591836734695,0.9989743589743589,0.9996699669966997
polynomial,8,3.715,3,0.9990867579908675,1.0,0.9979591836734695,0.9989743589743589,0.9996699669966997
polynomial,86,0.895,3,0.9990867579908675,1.0,0.9979591836734695,0.9989743589743589,0.9996699669966997
polynomial,69,0.9380000000000001,3,0.9990867579908675,1.0,0.9979591836734695,0.9989743589743589,0.9996699669966997
polynomial,30,3.517,3,0.9990867579908675,1.0,0.9979591836734695,0.9989743589743589,0.9996699669966997
polynomial,11,0.5750000000000001,3,0.9990867579908675,1.0,0.9979591836734695,0.9989743589743589,0.9996699669966997
polynomial,52,4.649,3,0.9990867579908675,1.0,0.9979591836734695,0.9989743589743589,0.9996699669966997
