kernel,C,gamma,degree,mean_test_Accuracy,mean_test_Precision,mean_test_recall,mean_test_f1,mean_test_f2
rbf,36,0.01,,1.0,1.0,1.0,1.0,1.0
rbf,51,1.71,,0.9990909090909093,0.998,1.0,0.9989949748743718,0.9986754966887418
rbf,51,0.01,,0.9990867579908675,0.997979797979798,1.0,0.998984771573604,0.9986754966887418
rbf,1,0.18000000000000002,,0.9981735159817351,0.9960000000000001,1.0,0.997979797979798,0.997346600331675
rbf,13,0.02,,0.9981776670817766,0.995979797979798,1.0,0.9979797464479759,0.9973509933774836
rbf,56,0.01,,0.9981776670817766,0.995979797979798,1.0,0.9979797464479759,0.9973509933774836
rbf,5,0.04,,0.9972644250726443,0.9940000000000001,1.0,0.9969747728541698,0.9960220970204168
rbf,7,0.03,,0.9972602739726029,0.993979797979798,1.0,0.996964569553402,0.9960220970204168
rbf,33,0.01,,0.9963553341635534,0.9920396039603961,1.0,0.995979797979798,0.99469320066335
rbf,1,0.11,,0.9963511830635119,0.9919797979797981,1.0,0.9959595444277738,0.9946975937091584
rbf,9,0.02,,0.9954420921544209,0.990019401940194,1.0,0.994964569553402,0.9933686973520917
rbf,1,0.08,,0.9954420921544209,0.9899797979797981,1.0,0.9949545193021457,0.9933730903979001
rbf,2,0.05,,0.9945330012453301,0.9880194019401941,1.0,0.9939595444277739,0.9920441940408334
rbf,8,0.02,,0.9936197592361976,0.9860396039603959,1.0,0.9929545708339678,0.9907152976837666
rbf,4,0.03,,0.9927065172270652,0.9840990099009901,1.0,0.9919596974772855,0.9893819863886366
rbf,26,0.01,,0.9927106683271066,0.9840792079207921,1.0,0.9919595959595959,0.9893864013266999
rbf,1,0.060000000000000005,,0.9917974263179744,0.9821770529994176,1.0,0.9909746228504197,0.9880486750935065
rbf,2,0.04,,0.9917932752179327,0.9821584158415841,1.0,0.9909648241206028,0.9880486750935065
rbf,6,0.02,,0.9908841843088417,0.9802364589400117,1.0,0.9899797494937372,0.9867153637983763
rbf,21,0.01,,0.9908883354088832,0.9802166569598135,1.0,0.9899796479760479,0.9867197787364397
rbf,20,0.01,,0.98906600249066,0.9763541059988352,1.0,0.9879996999924998,0.9840531561461795
rbf,15,0.01,,0.988156911581569,0.9744694686487495,1.0,0.9870243785797616,0.9827154078750256
rbf,1,0.05,,0.9872353673723536,0.9727539541108705,1.0,0.9860789093984774,0.9813509708980233
rbf,12,0.01,,0.9854171855541718,0.968871601169694,1.0,0.98409885989724,0.9786887632458263
rbf,3,0.02,,0.9845039435450393,0.966969057974198,1.0,0.9831139352741245,0.9773510149746725
rbf,1,0.04,,0.9835907015359069,0.9651034573650221,1.0,0.982138810896015,0.9760088075426149
rbf,8,0.01,,0.9817725197177252,0.9613704256908141,1.0,0.9801977771484964,0.9733288518394032
rbf,2,0.01,,0.979041095890411,0.9559139727586329,1.0,0.977319862582192,0.969288762579029
rbf,1,0.02,,0.9772146118721461,0.9519139727586328,1.0,0.9752996605619899,0.966635362910704
rbf,1,0.01,,0.9763055209630551,0.950285071322807,1.0,0.974392249122993,0.965266377439454
rbf,0,0.01,,,,,,
